* File "miles.dat" from the Stanford GraphBase (C) 1993 Stanford University
* Revised mileage data for highways in the United States and Canada, 1949
* This file may be freely copied but please do not change it in any way!
* (Checksum parameters 696,295999341)
Youngstown, OH[4110,8065]115436
Yankton, SD[4288,9739]12011
966
Yakima, WA[4660,12051]49826
1513 2410
Worcester, MA[4227,7180]161799
2964 1520 604
Wisconsin Dells, WI[4363,8977]2521
1149 1817 481 595
Winston-Salem, NC[3610,8025]131885
927 729 2742 1289 494
Winnipeg, MB[4988,9715]564473
1611 686 1833 1446 550 1279
Winchester, VA[3919,7816]20217
1510 290 826 466 2641 1197 250
Wilmington, NC[3424,7792]139238
390 1823 214 1139 765 2956 1500 637
Wilmington, DE[3975,7555]70195
466 168 1618 430 934 299 2749 1305 345
Williston, ND[4815,10362]13336
1820 2027 1712 428 1813 888 2035 1061 663 1481
Williamsport, PA[4125,7700]33401
1718 172 567 201 1516 491 832 369 2647 1203 239
Williamson, WV[3768,8228]5219
504 1610 544 452 378 1408 240 724 843 2539 1071 353
Wichita Falls, TX[3390,9849]94201
1179 1500 1313 1574 1363 1432 1252 1246 1044 1848 1887 724 1284
Wichita, KS[3769,9734]279835
308 1002 1270 1068 1344 1360 1220 944 1192 748 1618 1774 416 1054
Wheeling, WV[4007,8072]43070
1017 1247 269 255 1513 327 589 203 1311 416 627 605 2442 998 85
West Palm Beach, FL[2672,8005]63305
1167 1550 1432 965 1249 2375 1160 718 1048 2175 760 1515 1459 3280 1794 1252
Wenatchee, WA[4742,12032]17257
3250 2390 1783 1948 2487 2595 1009 2697 2904 2589 1394 2690 1765 2912 117 1461
2358
Weed, CA[4142,12239]2879
622 3229 2678 1842 1850 2717 2898 1473 2981 3128 2880 1858 2935 2213 3213 505
1752 2659
Waycross, GA[3122,8235]19371
2947 2890 360 820 1192 1097 605 904 2015 828 386 703 1815 413 1155 1127
2920 1434 899
Wausau, WI[4496,8964]32426
1240 2198 1725 1600 708 841 1138 805 913 848 1015 1222 907 646 1008 111
1230 1777 509 676
Waukegan, IL[4236,8783]67653
244 1000 2260 1933 1360 468 757 1023 565 673 1056 775 982 667 854 768
170 990 1985 551 436
Watertown, SD[4490,9711]15649
601 393 1549 1824 1351 1909 1058 572 880 1155 1263 534 1365 1572 1257 394
1358 433 1580 1403 156 1026
Watertown, NY[4398,7592]27861
1366 776 1016 1128 2999 2698 1473 471 1404 1634 738 234 1795 358 791 425
1574 715 935 302 2750 1306 386
Waterloo, IA[4250,9234]75985
1008 373 253 305 1178 2007 1714 1538 700 537 833 795 905 857 1007 1214
899 658 1000 212 1222 1766 298 668
Waterbury, CT[4155,7305]103266
1190 278 1548 958 1198 1034 3164 2880 1366 512 1527 1757 750 285 2003 206
672 373 1801 636 1117 98 2932 1488 522
Washington, DC[3889,7703]638432
315 962 434 1320 730 970 719 2936 2652 1051 268 1285 1489 435 210 1775
109 357 73 1573 321 889 408 2704 1260 300
Warren, PA[4185,7914]12146
326 428 769 291 1127 537 777 976 2760 2459 1321 198 1165 1395 465 172
1582 305 663 273 1380 563 696 490 2511 1067 118
Walla Walla, WA[4607,11833]25618
2452 2645 2873 1707 2691 1344 1926 1718 2796 500 238 3156 2383 1650 1763 2480
2588 1002 2690 2897 2582 1387 2683 1758 2905 132 1454 2351
Waco, TX[3155,9714]101261
1958 1452 1484 1799 921 1703 1043 1096 1226 1005 2026 2152 1330 1287 471 204
1174 1540 1507 1593 1308 1427 1415 1227 1132 1892 2082 887 1338
Vincennes, IN[3868,8753]20857
892 2120 572 692 934 463 811 836 278 518 722 2347 2176 1082 424 627
854 375 677 1300 751 827 620 1101 615 433 1025 2228 727 461
Victoria, TX[2881,9701]50695
1031 223 2104 1593 1578 1893 1144 1842 1266 1257 1349 1038 2114 2334 1330 1428
694 411 1288 1681 1707 1687 1366 1521 1638 1319 1351 1986 2228 1110 1479
Vicksburg, MS[3235,9088]25434
530 556 419 2274 1110 1067 1382 890 1361 1138 800 1000 586 2361 2457 921
945 705 511 800 1198 1663 1176 889 1010 1494 808 908 1475 2398 1000 996
Vancouver, BC[4927,12312]414281
2675 2505 2422 2359 409 2705 2898 3126 1960 2944 1597 2179 1971 3136 710 246
3496 2636 2029 2164 2733 2841 1255 2943 3150 2835 1640 2936 2011 3158 277 1707
2604
Valley City, ND[4692,9801]7774
1518 1327 1461 943 1238 1265 1225 1418 1646 500 1464 195 699 491 1658 1745
1272 2018 1156 767 1075 1253 1361 357 1463 1670 1355 278 1456 531 1678 1324
351 1124
Valdosta, GA[3083,8328]37596
1648 3126 542 975 712 961 2773 1039 782 1097 1168 1191 1539 990 1230 63
2903 2880 386 883 1164 1053 655 967 2005 891 449 766 1805 476 1145 1190
2897 1424 962
Utica, NY[4311,7523]75632
1157 1461 2941 1358 1839 808 1700 2688 282 389 201 1005 83 1363 773 1013
1094 2996 2695 1439 462 1401 1631 711 207 1818 283 746 391 1616 681 932
225 2747 1303 383
Uniontown, PA[3990,7973]14510
417 862 1221 2701 1014 1497 493 1356 2448 189 207 458 765 444 1123 533
773 799 2746 2455 1146 69 1086 1316 294 210 1578 267 524 134 1376 386
692 551 2507 1063 116
Tyler, TX[3235,9530]70508
1222 1566 827 1229 2402 285 326 758 134 2001 1318 1350 1665 884 1569 1040
980 1166 871 2088 2186 1206 1153 469 238 1040 1406 1537 1459 1174 1293 1396
1093 1074 1758 2125 885 1204
Twin Falls, ID[4256,11447]26209
1583 2101 2351 2355 1105 819 1856 1686 1702 1540 418 2115 2291 2521 1367 2354
1184 1620 1558 2378 645 648 2738 2033 1232 1345 2074 2253 888 2336 2483 2235
1316 2290 1573 2568 542 1112 2014
Tuscaloosa, AL[3321,8757]75211
1998 524 820 1162 387 1356 2772 239 750 483 658 2416 943 828 1143 861
1194 1207 750 950 415 2557 2526 773 778 807 707 561 972 1713 937 656
771 1515 569 858 1236 2540 1069 829
Tupelo, MS[3426,8871]23905
126 1872 486 813 1157 483 1230 2646 230 744 380 620 2290 909 891 1206
735 1160 1081 624 824 511 2486 2400 869 744 681 662 624 997 1587 1000
747 834 1389 663 732 1299 2414 943 795
Tulsa, OK[3616,9591]360919
535 661 1415 343 1047 1362 1018 891 2219 522 603 585 380 1833 1126 1246
1488 564 1365 702 754 869 1046 2003 1973 1404 978 190 269 960 1231 1227
1305 1261 1181 1058 1106 775 1579 1957 564 1015
Tucson, AZ[3222,11097]330537
1065 1520 1565 1049 1064 2101 2416 1879 1664 1841 1337 1009 1642 962 1457 2180
2300 2542 1552 2419 1521 1772 1822 1923 1131 1687 2258 2032 1015 858 2017 2285
1571 2359 2221 2235 1915 2104 1763 2633 1581 1365 2069
Trinidad, CO[3717,10451]9663
707 561 1085 1170 882 701 1501 1816 1516 1003 1701 974 857 1046 667 1300
1580 1700 1942 901 1819 860 1146 1161 1560 1470 1502 1895 1432 449 463 1421
1685 922 1759 1809 1635 1254 1641 1113 2033 1424 704 1469
Trenton, NJ[4023,7477]92124
1807 2407 1353 1060 997 2384 1519 315 247 951 1511 2991 1236 1747 799 1653
2738 354 169 146 1055 322 1413 823 1063 888 3029 2745 1220 375 1392 1622
604 182 1868 60 526 228 1666 490 982 239 2797 1353 393
Traverse City, MI[4476,8563]15516
844 1439 2039 1021 881 952 1935 1247 561 731 1167 852 2370 1057 1524 501
1363 2117 558 751 932 591 673 828 359 435 1177 2580 2124 1537 496 1024
1290 643 697 1170 796 1053 695 949 841 518 956 2176 889 460
Toronto, ON[4365,7938]599217
435 460 1620 2220 1180 1006 1053 2116 1380 373 296 1200 1228 2708 1182 1657
626 1514 2455 195 509 497 772 238 1130 540 780 1159 2761 2462 1504 373
1205 1449 640 306 1557 478 846 456 1336 746 699 521 2514 1070 288
Topeka, KS[3905,9567]115266
1051 870 1238 586 1186 232 647 773 1239 575 932 1247 1130 659 2032 701
835 477 612 1657 1011 1131 1373 374 1250 470 603 679 1153 1884 1786 1513
863 171 479 852 1116 995 1190 1258 1066 826 1072 585 1464 1781 332 900
Toledo, OH[4165,8354]354635
775 287 290 554 1344 1944 893 719 766 1848 1093 271 504 913 960 2440
895 1370 339 1227 2187 268 461 686 504 507 862 272 512 923 2493 2194
1283 206 929 1162 358 407 1317 506 768 405 1115 556 431 721 2246 802
170
Texarkana, TX[3343,9405]31271
957 534 1244 1111 1383 740 1135 314 385 431 1622 136 1086 1430 782 1180
2441 240 418 622 270 2040 1182 1214 1529 802 1433 991 844 1030 826 2127
2225 1161 1017 465 277 904 1270 1516 1323 1086 1157 1347 971 938 1622 2164
853 1068
Terre Haute, IN[3947,8741]61125
671 291 487 578 443 751 1056 1656 602 438 541 1684 807 445 760 770
904 2383 614 1084 58 941 2102 524 644 886 429 763 797 225 465 780
2329 2137 1140 376 641 871 415 629 1261 703 822 579 1062 633 384 977
2189 694 413
Tampa, FL[2795,8245]271523
1003 981 1146 1354 1414 1400 1130 1715 2078 1242 707 589 2579 1026 1056 1349
233 1881 3353 741 1144 945 1144 2997 1231 961 1276 1401 1383 1772 1223 1463
264 3012 3107 217 1077 1388 1252 869 1159 2238 1070 628 958 2038 670 1375
1369 3121 1650 1162
Tallahassee, FL[3045,8428]81548
245 796 736 939 1109 1226 1193 1033 1470 1833 997 462 344 2334 781 919
1232 82 1674 3108 496 899 738 899 2752 1108 864 1179 1184 1266 1543 1016
1256 145 2857 2862 431 919 1143 1007 688 1042 2031 973 531 841 1831 554
1171 1272 2876 1405 1001
Tacoma, WA[4724,12243]158501
3014 3259 2295 2302 2352 1919 2620 2282 2903 1562 1666 2095 2552 2678 680 2263
2613 2853 3035 1430 175 2536 2366 2334 2220 270 2617 2810 3038 1872 2856 1509
2091 1883 3048 535 183 3408 2548 1912 2025 2645 2753 1167 2855 3062 2747 1552
2848 1923 3070 138 1619 2516
Syracuse, NY[4305,7615]170105
2802 1195 1312 709 1379 453 1196 249 684 251 1765 2365 1311 1106 1125 2300
1515 373 51 1120 1410 2890 1307 1788 757 1649 2637 231 363 248 954 71
1312 722 962 1057 2945 2644 1402 417 1350 1580 667 163 1767 287 720 354
1565 644 881 272 2696 1252 332
Swainsboro, GA[3260,8234]7602
952 2986 250 369 714 819 821 1091 1054 1075 791 1552 1916 1002 479 388
2316 864 694 989 168 1596 3074 579 1090 656 998 2734 871 622 937 1116
1023 1487 927 1167 105 2940 2828 465 715 1158 1090 500 799 1953 731 344
598 1749 308 1086 1030 2858 1372 794
Sumter, SC[3392,8035]24890
187 805 2969 410 507 715 929 732 1151 907 1017 624 1654 2064 1104 590
499 2376 1017 557 842 328 1577 3057 732 1243 674 1151 2794 724 455 770
1117 876 1479 889 1129 265 3021 2811 597 592 1250 1206 416 652 1932 564
157 451 1732 185 1059 863 2863 1393 665
Stroudsburg, PA[4099,7519]5148
666 829 182 2871 1072 1172 744 1388 525 1231 391 815 69 1800 2400 1346
1065 1002 2371 1524 316 178 993 1479 2959 1241 1752 792 1658 2706 290 211
167 1023 253 1381 791 1031 930 3016 2713 1262 371 1385 1615 609 124 1836
105 568 231 1634 521 950 255 2765 1321 357
Stockton, CA[3796,12129]149779
2909 2793 2678 2838 818 2595 2840 2222 1865 2386 1777 2654 2473 2922 1329 848
1745 2224 2295 637 1826 2639 2889 2641 1742 993 2099 1831 2240 1764 783 2653
2829 3057 1923 2892 1777 2168 2157 2685 283 905 3020 2571 1674 1588 2610 2791
1525 2874 2950 2773 1953 2795 2135 3106 788 1675 2552
Stevens Point, WI[4452,8957]22970
2174 998 1096 1134 929 1900 1223 1430 432 997 479 646 747 462 1030 1166
1824 836 791 917 1575 1133 740 980 1197 508 1988 967 1382 485 1193 1735
744 937 1165 272 983 410 211 33 1207 2215 1742 1567 675 809 1105 772
880 865 982 1189 874 663 975 78 1197 1794 523 643
Steubenville, OH[4036,8062]26400
675 2567 356 614 740 392 2548 944 1102 391 1032 206 878 348 496 365
1447 2047 993 759 793 2029 1168 72 443 908 1156 2636 960 1443 439 1302
2383 173 272 500 700 446 1058 468 708 845 2674 2390 1192 25 1032 1262
294 238 1513 317 589 206 1311 441 627 593 2442 998 60
Sterling, CO[4062,10322]11385
1308 933 1299 1650 1633 1573 1579 1441 1591 1836 952 927 1127 488 1395 1214
1663 278 977 675 1129 1255 761 889 1375 1630 1612 727 1580 1149 1045 959
855 1179 1394 1570 1798 664 1633 596 909 922 1635 1406 1338 1995 1306 485
651 1334 1532 662 1615 1740 1509 990 1554 876 1847 1303 440 1293
Staunton, VA[3815,7907]21857
1525 266 914 2790 324 367 505 447 2787 748 867 595 1064 454 1082 549
744 319 1651 2197 1193 741 678 2252 1200 210 484 673 1395 2875 917 1428
608 1334 2622 366 150 465 939 518 1297 707 944 610 2897 2629 957 248
1235 1339 285 294 1752 259 350 93 1550 197 866 558 2681 1237 326
Springfield, OH[3992,8381]72563
401 1132 189 532 2397 542 624 694 514 2405 812 1019 202 868 127 689
414 412 549 1258 1858 804 600 639 1859 1004 243 565 786 1013 2493 796
1279 250 1138 2240 325 442 684 557 568 915 325 565 799 2504 2247 1156
174 843 1073 250 427 1370 501 660 377 1168 448 484 777 2299 855 211
Springfield, MO[3722,9329]133116
607 996 726 796 695 1942 1149 972 880 1114 2149 865 1110 405 374 696
244 983 824 1156 727 1262 199 403 529 1469 471 850 1165 886 867 2243
460 762 388 539 1887 929 1049 1291 454 1168 678 557 728 914 2114 1997
1272 781 278 468 763 1034 1203 1108 1082 984 1034 914 622 1382 2011 540
818
Springfield, MA[4210,7259]152319
1336 735 516 1803 551 1151 3062 208 821 988 228 3026 1230 1327 937 1580
677 1420 475 910 197 1989 2589 1535 1257 1194 2524 1716 509 181 1148 1634
3114 1433 1944 979 1850 2861 450 366 56 1176 258 1531 944 1184 1085 3169
2868 1417 563 1574 1804 801 322 1991 257 723 424 1787 687 1103 50 2920
1474 556
Springfield, IL[3980,8965]100054
1053 335 323 716 809 512 375 2088 865 842 821 829 2178 885 1106 143
622 394 381 670 489 872 950 1550 532 438 564 1550 758 566 880 873
793 2266 614 1035 168 874 1967 644 765 1007 310 883 683 222 408 883
2194 2020 1243 497 535 801 536 750 1150 824 949 700 951 754 316 1097
2072 559 534
Spokane, WA[4767,11741]171300
1853 2701 1830 2080 2462 1171 2223 1575 914 2546 2644 2661 2477 325 2695 2940
1970 2058 2027 1619 2295 1957 2578 1335 1563 1806 2233 2359 538 2019 2288 2528
2713 1105 413 2290 2175 2009 1985 160 2292 2485 2713 1547 2531 1184 1766 1558
2723 660 167 3083 2223 1616 1781 2320 2428 842 2530 2737 2422 1227 2523 1598
2745 219 1294 2191
South Bend, IN[4168,8625]109727
1881 257 824 591 211 593 983 346 333 2242 667 803 831 598 2206 938
1145 188 859 148 638 414 260 700 1207 1807 788 626 705 1704 995 411
649 912 814 2294 802 1272 246 1129 2041 413 607 834 358 650 716 126
366 922 2349 2048 1282 354 792 1057 451 549 1171 652 866 545 969 654
285 868 2100 656 312
Sioux Falls, SD[4354,9673]81343
640 1278 580 1460 561 839 1221 522 982 441 1745 1305 1399 1393 1236 1603
1426 1671 715 874 786 353 1054 862 1337 786 1447 585 964 1090 1182 923
1047 1287 1445 312 1691 1021 1165 748 942 1438 1051 1244 1472 289 1290 117
535 427 1455 1822 1445 1815 982 471 779 1077 1187 647 1289 1496 1181 489
1282 399 1504 1497 82 950
Sioux City, IA[4249,9639]82003
88 589 1361 492 1407 473 788 1170 464 931 475 1699 1254 1326 1305 1185
1686 1338 1583 627 786 735 265 1003 822 1286 703 1364 497 876 1002 1136
835 996 1236 1357 394 1774 933 1077 660 854 1521 1000 1193 1421 231 1239
205 484 458 1367 1776 1528 1727 931 383 691 1004 1136 730 1238 1433 1130
561 1222 437 1453 1580 67 899
Shreveport, LA[3251,9375]205820
859 947 915 2106 678 1619 434 922 1103 976 1086 1053 1913 1427 918 765
1431 2350 682 927 727 73 1013 607 1300 1167 1422 788 1151 386 387 425
1670 99 1140 1482 728 1253 2489 186 357 674 233 2088 1236 1253 1568 875
1485 1064 900 1086 772 2175 2273 1107 1071 528 325 958 1324 1589 1362 1075
1196 1420 994 994 1661 2212 926 1122
Sherman, TX[3364,9661]30413
216 709 797 967 1898 711 1712 376 983 1224 768 1172 1030 1705 1525 1089
979 1490 2142 896 1141 781 160 1072 449 1359 1200 1532 580 975 217 545
591 1462 135 1226 1541 942 1103 2281 400 386 764 163 1880 1305 1374 1667
758 1544 914 933 1063 986 1967 2065 1321 1157 343 117 1064 1410 1411 1483
1246 1317 1270 1131 969 1758 2004 759 1194
Sheridan, WY[4480,10696]15146
1218 1425 693 635 1275 704 1180 2095 1133 1474 1856 470 1617 1028 1291 1940
2019 1980 1871 1029 1998 2243 1320 1362 1421 915 1689 1446 1972 661 1238 1102
1536 1662 660 1339 1682 1922 2019 676 1117 1593 1495 1348 1305 864 1686 1879
2107 924 1925 618 1170 1011 2042 1300 871 2402 1617 912 1101 1692 1822 502
1924 2121 1816 903 1910 1034 2139 923 651 1585
Seminole, OK[3523,9668]8590
1113 127 312 582 670 883 1814 627 1628 292 899 1218 678 1088 931 1688
1441 1123 1021 1406 2083 985 1230 697 249 988 327 1275 1116 1448 549 1008
95 554 679 1403 253 1142 1457 1031 976 2222 489 513 680 290 1821 1221
1341 1583 659 1460 787 849 964 1065 1950 1981 1410 1073 216 180 1055 1326
1284 1400 1280 1276 1143 1125 870 1674 1945 632 1110
Selma, AL[3242,8702]26684
745 1747 656 442 1087 1174 760 2444 649 1237 614 682 721 1340 836 1002
2355 1045 476 323 1168 2763 259 504 596 496 809 858 1096 1007 1040 1230
1593 746 211 85 2083 541 863 1205 302 1441 2857 256 767 538 675 2501
986 871 1186 946 1214 1291 816 1035 330 2617 2611 688 821 892 767 604
1015 1798 980 633 814 1600 565 943 1279 2625 1154 872
Sedalia, MO[3871,9323]20927
710 393 1046 477 549 386 474 513 1743 257 1289 115 558 951 639 747
593 1920 1100 999 934 1065 2062 961 1206 356 489 647 157 927 746 1107
726 1309 298 499 625 1382 586 801 1116 982 768 2156 575 863 345 640
1800 880 1000 1242 339 1119 582 479 626 996 2027 1910 1356 732 294 567
720 985 1116 1059 1106 935 936 938 515 1333 1924 453 769
Seattle, WA[4760,12233]493846
2038 2739 2093 999 2152 2360 1656 1573 2176 295 2148 2996 2125 2375 2757 1451
2518 1870 848 2841 2939 2956 2772 30 2990 3235 2265 2312 2322 1914 2590 2252
2873 1572 1696 2101 2528 2654 690 2273 2583 2823 3008 1400 145 2546 2376 2304
2230 280 2587 2780 3008 1842 2826 1479 2061 1853 3018 565 153 3378 2518 1911
2035 2615 2723 1137 2825 3032 2717 1522 2818 1893 3040 148 1589 2486
Scranton, PA[4141,7567]88117
2816 1078 1054 1419 1915 1503 1417 1229 1280 642 2521 843 229 1127 520 333
1625 331 973 2884 42 691 838 140 2846 1081 1198 722 1363 500 1209 349
784 111 1778 2378 1324 1074 1011 2346 1499 303 154 1006 1454 2934 1250 1761
770 1633 2681 248 248 192 998 211 1356 766 1006 943 2991 2688 1288 346
1363 1593 597 93 1811 147 605 240 1609 530 925 276 2740 1296 332
Scottsbluff, NE[4187,10366]14156
1666 1343 702 1403 769 344 885 1081 483 529 1024 1048 869 1844 789 1179
1572 126 1349 958 1262 1691 1696 1636 1620 1373 1654 1899 1004 1018 1168 571
1436 1255 1704 404 1073 758 1192 1318 724 1011 1421 1671 1675 657 1461 1249
1171 1022 981 1142 1435 1611 1839 705 1674 561 950 941 1698 1369 1215 2058
1353 568 777 1392 1573 566 1656 1803 1555 919 1610 917 1888 1266 459 1334
Schenectady, NY[4282,7395]67972
1742 191 2894 1187 1220 1528 1993 1612 1553 1307 1358 720 2599 951 106 1236
636 499 1701 485 1051 2960 175 841 1004 126 2924 1247 1347 831 1501 575
1318 374 809 217 1887 2487 1433 1228 1177 2422 1637 457 78 1168 1532 3012
1416 1910 879 1771 2759 344 386 126 1076 152 1434 844 1084 1105 3067 2766
1437 502 1472 1702 751 247 1889 277 743 406 1687 696 1003 150 2818 1374
454
Savannah, GA[3208,8109]141634
996 1726 847 3034 1024 413 1111 2070 1069 855 1395 1483 898 2739 911 976
970 754 516 1663 751 1191 2768 821 156 94 961 3064 254 351 808 909
866 1181 1063 1132 779 1642 2006 1092 569 478 2406 954 705 998 172 1672
3152 669 1147 750 1088 2824 880 610 925 1206 1032 1574 984 1224 109 3030
2906 441 726 1248 1180 550 808 2029 719 277 607 1827 319 1143 1018 2948
1462 811
Sault Sainte Marie, MI[4649,8435]14448
1268 899 1293 874 2142 903 1147 1258 1355 1357 1310 810 779 400 1847 646
1000 981 539 866 1265 618 379 2484 916 1144 1211 774 2172 1329 1536 583
1254 412 973 525 170 966 1502 2151 1163 1021 1092 1847 1390 683 821 1303
742 2260 1197 1667 641 1520 2007 680 863 1022 607 763 737 454 352 1313
2487 2014 1673 618 1136 1432 770 819 1060 918 1180 817 839 968 423 1046
2066 861 582
Sarasota, FL[2734,8253]48868
1589 404 1397 1952 1251 3288 1259 557 1283 2296 1194 980 1636 1724 1198 2993
1159 1380 1163 1072 920 1889 1155 1483 2893 1225 560 422 1365 3312 298 53
1056 1034 1199 1407 1467 1453 1183 1768 2131 1295 760 642 2632 1079 1109 1402
286 1934 3406 794 1197 998 1197 3050 1284 1014 1329 1454 1436 1825 1276 1516
317 3065 3160 198 1130 1441 1305 922 1212 2291 1123 681 1011 2091 723 1428
1422 3174 1703 1215
Santa Rosa, CA[3844,12272]83320
3010 2547 2885 3023 1325 2947 876 1983 2472 1805 1354 1822 2030 1762 1808 2305
945 2151 3125 2050 2460 2853 1362 2630 2237 126 2972 2910 2795 2901 846 2712
2957 2285 1982 2449 1840 2717 2536 2985 1400 965 1862 2341 2412 700 1943 2702
2952 2758 1805 1021 2216 1948 2303 1881 814 2716 2892 3120 1986 2955 1840 2231
2220 2802 314 936 3137 2634 1772 1705 2673 2854 1588 2937 3067 2836 2016 2891
2198 3169 819 1738 2615
Santa Fe, NM[3568,10595]48953
1254 1810 1695 1685 2063 590 1954 1549 885 1272 605 827 622 830 896 979
1383 1370 1126 2165 841 1434 1805 471 1623 1359 1137 1976 1710 1595 1941 1539
1512 1757 1232 782 1520 762 1796 1615 1983 193 523 662 1141 1212 859 743
1677 1992 1558 1196 1678 1016 827 1218 681 1277 1756 1876 2118 1094 1995 1053
1339 1354 1602 1399 1507 1937 1608 591 505 1593 1861 1088 1935 1867 1811 1447
1712 1306 2209 1401 897 1645
Santa Barbara, CA[3442,11970]74414
953 396 2709 2612 2584 2962 1365 2853 1199 1784 2171 1504 1394 1521 1732 1802
1848 2282 1265 2025 3064 1758 2333 2704 1371 2522 2277 366 2875 2609 2494 2840
1169 2411 2656 2131 1681 2419 1661 2695 2514 2882 1146 607 1561 2040 2111 871
1642 2576 2891 2457 1938 1344 1915 1590 2117 1543 1134 2655 2775 3017 2026 2894
1880 2247 2260 2501 634 1256 2836 2507 1490 1407 2492 2760 1759 2834 2766 2710
2165 2611 2238 3108 1139 1778 2544
Santa Ana, CA[3376,11787]204023
128 850 489 2606 2518 2481 2859 1271 2750 1220 1681 2068 1401 1300 1418 1626
1708 1754 2179 1286 1922 2961 1655 2230 2601 1277 2419 2183 372 2772 2506 2391
2737 1190 2308 2553 2028 1578 2316 1558 2592 2411 2779 1043 504 1458 1937 2008
843 1539 2473 2788 2354 1844 1365 1812 1487 2014 1440 1144 2552 2672 2914 1924
2791 1786 2144 2166 2398 655 1277 2733 2404 1387 1301 2389 2657 1670 2731 2663
2607 2071 2508 2135 3005 1160 1684 2441
San Jose, CA[3734,12188]629546
395 294 1160 102 2916 2564 2791 3040 1342 2964 905 1991 2378 1711 1371 1728
1936 1779 1825 2322 971 2168 3142 1965 2477 2870 1379 2647 2254 80 2989 2816
2701 2918 875 2618 2863 2302 1888 2466 1857 2734 2553 3002 1353 871 1768 2247
2318 717 1849 2719 2969 2664 1822 1050 2122 1854 2320 1787 840 2733 2909 3137
2003 2972 1857 2248 2237 2708 340 962 3043 2651 1697 1611 2690 2871 1605 2954
2973 2853 2033 2818 2215 3186 845 1755 2632
San Francisco, CA[3778,12242]678974
47 434 341 1199 55 2955 2538 2830 3014 1316 2938 870 1974 2417 1750 1345
1767 1975 1753 1799 2296 936 2142 3116 2004 2451 2844 1353 2621 2228 84 2963
2855 2740 2892 840 2657 2902 2276 1927 2440 1831 2708 2527 2976 1391 910 1807
2286 2357 691 1888 2693 2943 2703 1796 1015 2161 1893 2294 1826 805 2707 2883
3111 1977 2946 1831 2222 2211 2747 305 927 3082 2625 1736 1650 2664 2845 1579
2928 3012 2827 2007 2857 2189 3160 810 1729 2606
Sandusky, OH[4145,8271]31360
2493 2519 2341 2444 1545 2502 1198 466 840 521 1221 456 2373 669 809 1010
1472 1094 1035 786 837 201 2078 433 627 718 128 410 1180 162 530 2439
481 706 815 399 2403 938 1145 313 980 54 800 341 344 511 1369 1969
915 728 766 1901 1116 227 450 912 1011 2491 917 1392 361 1250 2238 214
417 642 555 453 913 323 563 920 2546 2245 1280 162 954 1184 332 363
1368 463 742 361 1166 530 482 667 2297 853 125
San Diego, CA[3271,11715]875538
2355 524 485 90 213 877 579 2554 2537 2429 2873 1347 2764 1310 1695 2016
1415 1376 1398 1574 1750 1830 2193 1376 1936 2975 1651 2244 2615 1318 2433 2210
462 2786 2487 2339 2751 1280 2256 2501 2042 1558 2330 1572 2606 2425 2793 1070
423 1472 1943 1988 919 1487 2487 2802 2302 1920 1455 1760 1432 2028 1385 1227
2566 2686 2928 1938 2805 1862 2158 2208 2346 745 1367 2681 2418 1401 1281 2403
2671 1746 2745 2644 2621 2147 2522 2149 3019 1250 1751 2455
San Bernardino, CA[3411,11731]118794
130 2297 450 411 54 152 806 505 2562 2464 2437 2815 1217 2706 1236 1637
2024 1357 1246 1374 1582 1654 1700 2135 1257 1878 2917 1611 2186 2557 1223 2375
2129 388 2728 2462 2347 2693 1206 2264 2509 1984 1534 2272 1514 2548 2367 2735
999 460 1414 1893 1964 789 1495 2429 2744 2310 1790 1381 1768 1443 1970 1396
1097 2508 2628 2870 1878 2747 1732 2100 2112 2354 671 1293 2689 2360 1343 1257
2345 2613 1616 2687 2619 2563 2017 2464 2090 2961 1176 1630 2397
San Antonio, TX[2942,9850]786023
1330 1319 1412 1780 1741 1374 1477 728 1835 1272 1659 1222 1933 1073 1795 2277
821 832 471 1397 344 390 1030 1118 1291 2077 1054 2009 720 1300 1493 947
1464 1340 1718 1817 1308 1155 1811 2267 974 1219 1103 432 1389 793 1676 1543
1812 759 896 561 777 815 1587 314 1518 1862 1050 1414 2406 576 113 1054
181 2005 1614 1643 1958 1102 1865 1219 1276 1307 1113 2001 2235 1405 1449 647
339 1336 1702 1609 1752 1441 1586 1591 1384 1313 2051 2129 1063 1500
San Angelo, TX[3146,10044]73240
218 1168 1157 1418 1618 1579 1212 1315 510 1673 1425 1666 1308 1936 869 1818
2059 801 895 414 1193 326 453 925 1013 1291 1873 1035 2035 700 1307 1519
743 1487 1339 1556 1843 1371 1218 1814 2049 1127 1372 1105 455 1396 713 1683
1524 1838 555 734 503 840 878 1369 354 1541 1865 1181 1309 2188 639 331
1073 228 1787 1629 1669 1984 1067 1868 1114 1257 1372 1225 1839 2017 1558 1472
542 234 1359 1725 1405 1778 1528 1612 1486 1426 1278 2077 1911 958 1518
Salt Lake City, UT[4076,11188]163697
1133 1351 681 811 1731 762 788 735 829 623 771 2414 1801 2236 2252 554
2176 926 1212 1876 1167 583 1226 1434 991 1037 1534 747 1380 2354 1296 1689
2082 591 1859 1466 708 2201 2206 2146 2130 916 2116 2361 1514 1386 1678 1069
1946 1765 2214 646 816 1179 1699 1816 236 1347 1931 2181 2162 1127 1055 1620
1450 1532 1304 654 1945 2121 2349 1215 2184 1069 1460 1449 2206 832 884 2540
1863 1018 1109 1902 2083 935 2166 2313 2065 1354 2120 1427 2398 778 967 1844
Salisbury, MD[3837,7560]16429
2269 1832 1773 2787 2845 565 3031 3057 2831 2934 2035 3040 1045 1021 641 377
1759 250 2928 1159 950 1500 2027 1537 1383 1341 1392 755 2633 924 360 1208
601 346 1718 420 1085 2977 208 486 661 390 2958 895 992 803 1377 609
1290 581 899 163 1858 2459 1405 1049 958 2439 1482 358 386 813 1566 3046
1197 1708 851 1616 2793 408 196 309 1110 461 1468 878 1118 750 3084 2800
1082 427 1444 1652 631 275 1923 103 388 255 1721 406 1037 402 2852 1408
448
Salinas, CA[3667,12165]80479
3104 846 1542 1704 374 448 2577 105 58 358 236 1123 160 2879 2622 2754
3098 1400 3022 963 1954 2341 1674 1429 1691 1899 1837 1883 2380 1029 2195 3200
1928 2503 2874 1437 2692 2312 138 3045 2779 2664 2976 933 2581 2826 2301 1851
2524 1831 2792 2611 3052 1316 834 1731 2210 2281 775 1812 2746 3027 2627 1880
1108 2085 1817 2287 1750 898 2791 2945 3187 2061 3030 1915 2306 2295 2671 398
1020 3006 2677 1660 1574 2662 2929 1663 3004 2936 2880 2091 2781 2273 3244 903
1813 2690
Salina, KS[3884,9761]41843
1715 1407 977 629 734 1398 1456 917 1739 1752 1442 1545 646 1748 1516 1084
1298 1435 481 1326 1824 274 967 303 825 430 615 316 404 755 1529 498
1537 353 806 1199 398 995 757 1685 1348 1268 1208 1313 1829 1218 1463 604
552 892 123 1168 987 1355 467 1070 277 756 882 1149 556 1049 1364 1239
680 1942 792 781 594 558 1567 1128 1248 1490 485 1367 485 720 774 1267
1794 1696 1625 980 87 395 969 1233 981 1307 1375 1183 877 1189 696 1581
1691 329 1017
Salida, CO[3853,10600]44870
527 1293 1918 489 712 916 976 1047 1427 1234 1252 1020 1123 227 1243 1925
1526 1771 1945 367 1837 1415 799 1387 678 604 737 945 727 793 1242 1178
995 2047 807 1317 1710 271 1506 1197 1172 1859 1779 1681 1823 1405 1627 1872
1129 897 1387 650 1656 1475 1866 157 706 690 1210 1327 725 858 1560 1874
1673 998 1544 1131 1014 1119 824 1143 1639 1759 2001 925 1877 867 1170 1185
1717 1313 1345 2052 1491 529 620 1494 1744 865 1818 1889 1694 1238 1714 1137
2091 1267 711 1528
Salem, OR[4494,12303]89233
1328 1752 722 3042 839 1972 2190 995 1069 2504 629 664 979 958 1462 635
3235 2279 3009 3025 1327 2949 241 1985 2686 2006 1136 2065 2273 1734 1710 2307
432 2152 3127 2072 2462 2855 1364 2632 2007 607 2974 2979 2919 2903 211 2937
3182 2287 2225 2450 1842 2719 2389 2987 1485 1455 2018 2475 2601 603 2186 2704
2954 2958 1537 386 2459 2289 2305 2143 295 2718 2894 3122 1965 2957 1616 2198
1990 2981 324 353 3341 2636 1835 1948 2675 2856 1274 2939 3086 2838 1659 2893
2030 3171 236 1710 2617
Saint Paul, MN[4495,9310]270230
1807 1002 591 2112 1258 1266 1200 1249 1929 2025 703 2028 2054 1983 2077 1171
2037 1629 535 1366 1224 758 1146 1670 486 1137 806 828 905 1022 275 244
506 1375 488 1326 601 705 1087 739 848 200 1974 1171 1269 1291 1102 1700
1369 1576 599 949 652 521 920 618 1203 978 1639 711 926 1052 1375 1031
913 1153 1343 308 1788 1061 1291 638 1068 1535 917 1110 1338 195 1156 210
391 183 1353 2015 1542 1713 848 658 966 945 1053 665 1155 1362 1047 463
1148 223 1370 1594 326 816
Saint Louis, MO[3862,9019]453085
567 2152 966 441 2134 973 1379 935 952 1817 1875 483 2141 2167 1861 1964
1065 2150 1105 748 857 1001 869 892 2194 192 575 527 1213 611 576 538
626 358 1899 102 1103 235 372 761 806 561 477 2087 914 827 767 879
2224 811 1052 170 520 461 324 748 591 921 893 1489 432 364 490 1549
656 615 930 819 868 2312 530 933 153 774 1967 694 814 1056 373 933
739 324 510 829 2194 2066 1189 546 474 701 528 799 1225 873 934 749
1030 748 418 1147 2091 605 583
Saint Joseph, MO[3977,9484]76691
309 436 1852 691 196 1911 1227 1079 798 840 1594 1652 736 1841 1867 1638
1741 842 1850 1390 888 1166 1254 569 1146 1898 142 841 397 911 496 613
246 334 559 1603 304 1356 227 626 1019 506 815 561 1787 1168 1134 1076
1132 1928 1092 1337 446 540 697 85 973 792 1175 663 1266 302 630 756
1249 622 869 1183 1113 640 2016 687 882 462 659 1667 948 1068 1310 289
1186 451 525 594 1138 1894 1770 1498 800 256 564 835 1053 976 1127 1241
1003 807 1057 500 1400 1791 313 837
Saint Joseph, MI[4210,8648]9622
562 361 509 2308 1245 757 2381 789 1535 1294 1313 2137 2195 230 2297 2323
2181 2284 1385 2306 1242 387 932 751 1025 675 2179 516 786 886 1278 970
937 592 643 44 1884 259 853 594 245 627 984 379 336 2243 700 837
875 629 2209 982 1189 213 881 182 640 416 230 734 1209 1809 791 651
731 1705 1017 444 680 956 817 2297 827 1294 271 1133 2044 444 641 862
361 654 719 129 369 966 2350 2051 1326 388 794 1060 485 582 1174 686
902 578 972 688 288 897 2103 659 343
Saint Johnsbury, VT[4442,7202]7150
910 1442 1189 1412 3213 2133 1623 3286 547 2440 2124 2121 3003 3061 709 3202
3228 3047 3150 2251 3211 1467 1019 1163 193 1930 380 3082 1375 1404 1716 2181
1800 1741 1495 1546 906 2787 1139 190 1424 824 683 1889 678 1239 3148 359
1008 1175 310 3112 1417 1414 1019 1689 763 1506 494 929 384 2075 2675 1621
1416 1361 2610 1825 650 259 1335 1720 3200 1600 2098 1067 1959 2947 534 553
241 1264 293 1622 1032 1272 1272 3255 2954 1604 695 1660 1890 944 440 2051
444 910 590 1830 874 1191 188 3006 1562 642
Saint Cloud, MN[4557,9417]42566
1487 584 490 639 75 1766 1010 599 2084 1333 1238 1208 1313 1901 2031 778
2000 2026 1955 2049 1179 2009 1701 568 1439 1299 730 1221 1629 555 1209 865
787 974 1091 283 223 581 1334 560 1401 670 780 1162 745 923 275 1946
1246 1344 1363 1177 1659 1441 1648 671 1018 727 548 995 664 1278 986 1647
780 998 1124 1334 1100 988 1228 1415 233 1747 1130 1360 710 1137 1494 992
1185 1413 267 1231 169 466 258 1425 1974 1501 1785 923 666 974 1020 1128
590 1230 1437 1122 392 1223 298 1445 1553 305 891
Saint Augustine, FL[2989,8132]11985
1540 1359 1081 1253 944 1468 3096 1821 1382 2775 837 2310 1327 1174 2458 2450
1035 2851 2812 2502 2605 1706 2906 236 1428 196 1192 1813 1043 3133 1111 445
1179 2157 1090 876 1482 1570 1037 2838 998 1172 1029 911 712 1750 947 1322
2789 1017 352 220 1157 3163 200 183 895 930 1038 1268 1259 1292 975 1664
2027 1161 626 530 2493 975 901 1194 155 1773 3251 690 1099 837 1099 2911
1076 806 1121 1293 1228 1664 1115 1355 115 3051 3005 245 922 1307 1201 720
1004 2130 915 473 803 1930 515 1270 1214 3035 1549 1007
Saginaw, MI[4343,8394]77508
1178 766 779 187 749 548 696 2495 1432 944 2568 749 1722 1481 1485 2324
2382 194 2484 2510 2368 2471 1572 2493 1339 272 1006 659 1212 634 2366 703
926 1073 1465 1157 1109 779 830 205 2071 446 760 781 267 594 1171 346
523 2430 665 872 961 534 2396 1079 1286 387 1053 140 827 285 150 694
1396 1996 978 815 871 1892 1189 411 581 1053 999 2484 991 1466 435 1320
2231 408 601 782 548 523 906 316 556 1063 2537 2238 1423 346 981 1247
498 547 1272 646 908 545 1051 696 475 806 2290 846 310
Sacramento, CA[3859,12149]275741
2390 2836 1906 3108 2203 1747 2047 1934 560 1140 1645 185 2937 668 1603 1765
435 509 2399 94 127 419 413 1184 103 2940 2444 2815 2920 1222 2844 801
1880 2402 1735 1251 1752 1960 1659 1705 2202 867 2048 3022 1947 2357 2750 1259
2527 2134 47 2869 2840 2725 2798 771 2642 2887 2182 1912 2346 1737 2614 2433
2882 1297 895 1792 2271 2342 597 1873 2599 2849 2688 1702 946 2146 1878 2200
1811 736 2613 2789 3017 1883 2852 1737 2128 2117 2732 236 858 3067 2531 1669
1635 2570 2751 1485 2834 2981 2733 1913 2788 2095 3066 741 1635 2512
Rutland, VT[4361,7297]18436
3005 737 1273 1384 103 836 1339 1086 1309 3110 2030 1520 3183 458 2337 2021
2018 2900 2958 606 3099 3125 2944 3047 2148 3108 1478 977 1077 90 1827 277
2979 1272 1301 1613 2078 1697 1638 1392 1443 805 2684 1036 134 1321 721 580
1786 575 1136 3045 256 922 1085 207 3009 1328 1428 916 1586 660 1403 452
887 298 1972 2572 1518 1313 1258 2507 1722 547 156 1249 1617 3097 1497 1995
964 1856 2844 431 467 168 1161 224 1519 929 1169 1186 3152 2851 1518 592
1557 1787 841 337 1974 358 824 487 1772 777 1088 135 2903 1459 539
Roswell, NM[3340,10453]39676
2114 1313 1566 1567 1217 2217 1379 836 1028 1209 1658 423 640 1252 2001 819
320 538 902 892 1511 1328 1289 946 1049 196 1383 1671 1721 1546 2029 727
1920 1745 879 1133 539 984 506 691 934 1017 1377 1566 1120 2129 793 1400
1728 601 1589 1394 1266 1942 1595 1456 1907 1735 1373 1618 1198 666 1489 756
1776 1609 1949 323 469 596 1051 1096 1055 604 1643 1958 1419 1234 1874 877
651 1181 515 1473 1722 1842 2084 1122 1961 1091 1342 1392 1463 1528 1703 1798
1574 585 389 1556 1827 1245 1901 1752 1777 1485 1635 1333 2175 1597 935 1611
Rocky Mount, NC[3594,7780]41283
1786 697 2936 808 576 1367 783 837 1204 899 1292 3041 1865 1340 2932 261
2268 1575 1512 2615 2673 624 3008 2969 2659 2762 1863 3039 784 1080 380 616
1758 478 2962 1089 689 1276 2059 1282 1122 1370 1426 803 2667 900 596 1065
592 232 1705 462 1119 2946 441 225 400 593 2992 634 731 779 1122 668
1223 719 958 399 1792 2255 1257 788 697 2438 1221 397 619 552 1600 3080
936 1447 746 1355 2827 536 230 545 1144 664 1502 912 1152 489 3083 2834
821 466 1343 1397 386 440 1957 339 127 263 1755 151 1071 638 2886 1437
510
Rock Springs, WY[4159,10923]19458
2072 825 2141 864 1526 2127 1042 2244 1339 883 1183 1070 969 402 783 1042
2073 196 1097 1301 859 989 1535 958 984 913 1007 629 967 2266 1605 2040
2056 358 1980 1056 1016 1717 1038 387 1122 1330 795 841 1338 776 1184 2158
1103 1493 1886 395 1663 1270 904 2005 2010 1950 1934 1046 1968 2213 1318 1282
1482 873 1750 1569 2018 559 994 1050 1506 1632 368 1243 1735 1985 1989 931
1185 1516 1399 1336 1209 784 1749 1925 2153 1019 1988 873 1264 1253 2012 1011
943 2372 1667 866 1005 1706 1887 785 1970 2117 1869 1158 1924 1231 2202 908
771 1648
Rockford, IL[4227,8910]139712
1192 963 1277 980 2056 367 1148 418 1083 180 456 296 343 2146 1098 652
2234 929 1388 1217 1237 2035 2093 374 2150 2176 2079 2182 1267 2159 1306 473
1034 895 878 817 2013 439 821 809 1098 893 872 412 463 177 1718 194
997 517 376 758 837 519 181 2096 842 939 971 773 2043 1049 1253 267
816 323 538 591 410 874 1074 1707 714 610 736 1548 952 584 824 1023
651 2131 786 1229 315 1056 1878 588 781 1009 181 827 545 72 214 1033
2188 1885 1393 519 692 983 616 724 1008 826 1033 718 806 819 122 1041
1937 479 487
Rochester, NY[4316,7761]241741
694 1855 606 1828 291 2719 446 1170 1098 394 550 1053 800 1023 2824 1744
1234 2897 441 2051 1735 1732 2614 2672 323 2813 2839 2658 2761 1862 2822 1375
686 974 213 1541 205 2693 986 1081 1327 1792 1411 1352 1106 1157 519 2398
750 316 1035 435 460 1500 313 850 2759 247 818 965 88 2723 1208 1325
630 1300 374 1117 161 596 316 1686 2286 1232 1027 1061 2221 1436 328 135
1133 1331 2811 1228 1709 678 1570 2558 158 376 336 875 133 1233 643 883
1070 2866 2565 1415 338 1271 1501 605 166 1688 338 733 367 1486 657 802
360 2617 1173 253
Rochester, MN[4402,9246]57890
961 267 1066 1229 1205 1246 1930 633 1388 152 1349 446 402 487 80 1883
998 587 2108 1195 1262 1180 1215 1925 2021 640 2024 2050 1979 2073 1167 2033
1549 553 1298 1161 754 1083 1746 452 1057 772 875 871 988 271 240 443
1451 408 1253 567 642 1024 735 785 204 1970 1108 1203 1211 1039 1776 1289
1496 519 915 589 487 857 636 1140 974 1635 677 846 972 1407 997 850
1090 1263 385 1864 1005 1257 558 1034 1611 854 1047 1275 115 1093 278 328
201 1273 2047 1618 1633 785 650 946 881 990 742 1092 1299 984 543 1085
166 1303 1670 322 753
Roanoke, VA[3727,7994]100220
1018 548 752 1861 216 1647 668 2725 629 624 1156 771 626 994 726 1081
2830 1685 1167 2793 434 2057 1437 1412 2476 2534 463 2819 2830 2520 2623 1724
2828 832 901 428 587 1547 421 2751 918 640 1137 1847 1143 1022 1159 1215
592 2456 691 604 926 381 88 1500 334 908 2765 412 280 417 535 2781
663 779 570 983 489 1050 637 774 407 1619 2116 1118 660 597 2227 1119
277 572 585 1389 2869 836 1347 573 1253 2616 454 238 553 933 606 1291
701 941 522 2872 2623 869 316 1200 1258 213 382 1746 347 293 181 1544
109 860 646 2675 1221 385
Richmond, VA[3754,7745]219214
168 1127 486 861 1994 120 1815 577 2858 688 696 1265 663 721 1127 859
1190 2963 1818 1300 2961 306 2190 1605 1580 2644 2702 504 2952 2978 2688 2791
1892 2961 904 960 500 496 1680 358 2860 1051 782 1305 1959 1311 1190 1273
1324 688 2565 824 476 1094 513 112 1633 342 1017 2898 321 345 512 473
2890 754 851 703 1151 548 1183 599 838 279 1752 2284 1286 828 765 2360
1287 277 499 672 1498 2978 1004 1515 706 1421 2725 416 110 425 1042 544
1400 810 1050 609 3005 2732 941 346 1333 1426 381 320 1855 219 247 143
1653 225 969 518 2784 1340 390
Richmond, IN[3983,8489]41349
565 432 590 499 324 1429 646 1336 785 2293 293 898 728 888 211 562
308 653 2398 1253 742 2439 665 1625 1243 1236 2122 2180 191 2387 2413 2166
2269 1370 2396 1059 536 775 700 1115 584 2323 494 687 835 1415 919 864
727 787 167 2028 259 799 543 64 457 1068 253 480 2333 606 643 681
578 2353 799 1006 138 804 175 625 462 394 613 1194 1794 740 562 602
1795 940 307 629 773 961 2441 746 1221 190 1074 2188 389 506 748 505
632 863 273 513 783 2440 2195 1143 238 779 1009 292 491 1318 565 709
441 1116 495 432 841 2247 794 275
Richfield, UT[3877,11209]5482
1700 2265 2132 1408 2187 1526 342 2337 827 2471 701 1860 2318 1384 2574 1673
1138 1438 1412 1003 497 1023 808 2365 164 1141 1359 534 664 1869 795 813
588 682 631 804 2422 1947 2268 2388 700 2284 1090 1271 1884 1175 729 1234
1442 1137 1183 1670 911 1441 2492 1304 1764 2157 689 1953 1612 733 2306 2265
2178 2266 1080 2124 2369 1584 1394 1816 1120 2084 1903 2313 654 652 1187 1707
1824 400 1355 2007 2315 2170 1273 1219 1628 1458 1591 1312 818 2081 2206 2448
1353 2320 1215 1598 1595 2214 874 1048 2549 1938 1026 1117 1966 2191 1099 2265
2372 2141 1500 2186 1565 2536 942 1113 1973
Rhinelander, WI[4564,8942]7873
1636 558 1095 986 260 928 273 1294 1197 1433 1214 2158 504 1400 262 1283
414 653 569 227 2028 1226 815 2336 1163 1490 1424 1366 2153 2249 608 2252
2278 2207 2301 1395 2261 1561 319 1269 1129 982 1051 1891 685 1094 1023 1049
1122 1145 499 468 411 1596 467 1231 787 610 992 963 753 92 2198 1076
1174 1212 1007 1921 1301 1508 510 1089 557 738 789 402 1108 1202 1863 928
883 1009 1596 1225 818 1058 1275 495 2009 1059 1408 563 1285 1756 822 1015
1243 364 1027 431 289 59 1285 2236 1763 1645 753 882 1190 850 958 824
1060 1267 952 603 1053 170 1275 1815 550 721
Reno, NV[3952,11981]100756
2019 571 2154 2719 2586 1791 2580 1917 725 2797 1225 2866 139 2251 2748 1767
2969 2064 1608 1908 1795 537 1010 1506 324 2798 529 1545 1763 470 600 2260
233 266 517 541 1096 242 2852 2305 2727 2781 1083 2705 778 1741 2314 1647
1112 1664 1872 1520 1566 2063 787 1909 2883 1817 2218 2611 1120 2388 1995 186
2730 2735 2637 2659 748 2554 2799 2043 1824 2207 1598 2475 2294 2743 1167 930
1700 2183 2254 458 1785 2460 2710 2600 1563 923 2058 1869 2061 1723 627 2474
2650 2878 1744 2713 1598 1989 1978 2644 303 827 2979 2392 1539 1547 2431 2612
1346 2695 2842 2594 1774 2649 1956 2927 710 1496 2373
Regina, SK[5042,10465]162613
1458 943 1211 1437 1974 1865 861 1807 1127 973 2076 1433 2093 1597 1391 2249
709 2170 1293 1095 1344 784 1260 1053 1109 1775 2042 1047 1593 1797 1728 1858
1487 1691 1717 1782 1871 1276 1700 2410 1179 2148 2008 754 1930 1123 1235 1917
1412 628 1539 1708 849 766 1290 828 1269 2110 1322 1489 1871 850 1632 984
1637 1955 2051 2072 1886 1153 2150 2357 1380 1635 1436 1114 1676 1289 1987 1110
1759 1346 1706 1832 1000 1665 1697 1937 2124 476 1241 1782 1858 1419 1635 988
1701 1894 2122 976 1914 653 1175 967 2134 1459 995 2494 1632 1196 1468 1729
1837 188 1939 2146 1831 399 1932 1007 2154 1047 782 1600
Red Bluff, CA[4018,12224]9490
1564 198 2217 769 2352 2917 2784 1989 2778 2115 923 2995 1423 3064 131 2449
2946 1965 3166 2262 1806 2106 1993 429 1208 1704 293 2996 727 1734 1896 566
640 2458 200 235 550 529 1294 209 3050 2503 2925 2979 1281 2903 670 1939
2512 1845 1310 1862 2070 1718 1764 2261 736 2107 3081 2015 2416 2809 1318 2586
2193 178 2928 2933 2835 2857 640 2752 2997 2241 2022 2405 1796 2673 2492 2941
1365 1026 1898 2381 2452 656 1983 2658 2908 2798 1761 815 2256 2009 2259 1921
605 2672 2848 3076 1942 2911 1796 2187 2176 2842 105 727 3177 2590 1737 1745
2629 2810 1544 2893 3040 2792 1963 2847 2154 3125 610 1694 2571
Reading, PA[4033,7593]78686
2871 1917 2673 1038 2243 543 249 345 1071 281 804 1948 369 1879 328 2812
624 945 1208 431 657 1105 851 1133 2917 1796 1285 2982 160 2144 1776 1750
2665 2723 440 2906 2932 2709 2812 1913 2915 1153 896 749 247 1634 109 2803
1037 978 1378 1902 1462 1360 1216 1267 630 2508 802 265 1086 479 257 1593
295 960 2852 72 594 761 249 2833 1003 1100 681 1321 484 1168 421 774
87 1737 2337 1283 998 935 2314 1457 251 250 921 1441 2921 1174 1685 729
1591 2668 274 139 214 985 320 1343 753 993 858 2959 2675 1190 305 1322
1552 542 115 1798 57 496 164 1596 454 912 307 2727 1283 321
Ravenna, OH[4116,8124]11987
348 2541 1570 2343 691 1943 246 413 405 723 272 457 1618 533 1581 558
2482 280 1012 861 661 322 807 554 786 2587 1498 987 2660 473 1814 1488
1470 2367 2425 93 2576 2602 2411 2514 1615 2585 1220 552 816 473 1304 363
2456 739 842 1080 1555 1164 1092 869 920 282 2161 504 575 788 182 337
1263 80 613 2522 388 682 805 351 2486 981 1167 384 1038 140 870 307
430 418 1439 2039 986 765 799 1984 1174 136 402 954 1094 2574 966 1449
431 1308 2321 144 325 552 638 405 996 406 646 910 2629 2328 1257 105
1024 1255 352 270 1451 370 660 270 1249 506 565 619 2380 936 34
* End of file "miles.dat"
